1
10
0.2755245765714197 0.17041622153394065 0.09665538068925744
0.4201515257605315 0.8666122412311461 0.3053999055001461
0.4350773800916963 0.175150142149752 0.405461519077423
0.029438079548811724 0.8870295705355257 0.11966809096914818
0.5280124371146018 0.39500638785102593 0.4267754979568822
0.5524138201806538 0.6272523983894621 0.3738812591991598
0.3803278091876655 0.6220867240605601 0.18500539364338894
0.159256557759071 0.06251260743104992 0.19701482181622523
0.3384585123531334 0.38938011547766327 0.33395102691551287
0.35443069266211513 0.8445219413701434 0.1728293325881615
